9605	25	0.9349233174
9605	29	0.9130340879
9605	32	0.9394696843
3651	42	0.9021842822
3651	43	0.9406334211
3651	44	0.9006013172
3236	53	0.984485521
4358	69	0.9293805955
2133	70	1.321476396
4032	70	0.9161955015
4308	70	1.172785743
12313	70	0.968232391
308	74	1.594273231
2343	74	0.9026771271
4250	74	1.14015435
9819	74	1.140443442
4544	82	0.922810781
6722	82	0.9024219634
9330	86	0.9385127139
181	110	1.058944802
978	110	1.001648139
9402	114	0.9048898401
9975	114	1.087851808
10019	114	0.9034702079
10370	114	0.9555677327
172	132	1.064392323
1281	132	0.9075047688
1282	132	0.9074932937
4975	132	0.9083017225
11147	132	1.151324433
12106	132	0.9698562805
172	133	1.048232864
364	133	1.0772588
1475	133	1.08973582
1610	133	1.055747752
1712	133	0.9303378757
1960	133	1.055751049
3127	133	1.045982113
9599	133	0.9579488038
11147	133	1.133765567
12106	135	0.9098286715
172	136	0.9437532747
3127	136	0.9407313454
752	137	0.9532630983
2849	137	1.309299391
3629	137	1.111702677
4856	137	0.9602911533
4909	137	1.232313093
4929	137	1.309297677
5111	137	1.181148775
5112	137	1.181133155
6265	137	1.346024566
8393	137	1.087652836
2849	140	1.151722429
3629	140	0.9778836189
4909	140	1.084004611
4929	140	1.151721688
5111	140	1.038997924
5112	140	1.038984767
6265	140	1.184167854
8393	140	0.9567029347
2026	142	1.261811071
3612	142	1.26226317
5429	142	0.9485688285
2026	144	1.257307655
3612	144	1.257715124
5429	144	0.9447794666
2026	146	1.263210585
3612	146	1.26364324
5429	146	0.9494228014
2026	150	1.267974981
3612	150	1.26844677
5429	150	0.9531257707
2026	152	1.255507464
3612	152	1.255953916
5429	152	0.943154187
2026	155	1.250177541
3612	155	1.250605943
5429	155	0.9390459944
5138	156	0.9350123124
5139	156	0.9302228929
222	158	0.9707499568
1331	158	1.008308155
4093	158	0.9690866843
5139	158	0.9918573324
5429	158	0.9555940345
7393	158	0.9105058047
7394	158	0.9105088534
7395	158	0.9058858509
7396	158	0.9058785211
8226	158	0.9100135091
2026	160	1.252373793
3612	160	1.252846239
2026	163	1.254327455
3612	163	1.254768111
5429	163	0.9422564578
2026	166	1.259483906
3612	166	1.259853786
2026	169	1.253501372
3612	169	1.253938502
5429	169	0.9416237003
5429	172	0.932721761
2026	175	1.256141157
3612	175	1.256606067
5429	175	0.9436042791
4334	186	1.02331149
3236	188	0.9548069592
4334	188	1.010707249
9906	188	0.924188201
4334	189	1.02019887
3236	192	0.9931559661
4334	192	1.041785608
9906	192	0.9626496597
12130	192	0.9063893489
4334	193	1.037274421
4334	196	1.013964201
4334	199	1.015856541
12098	216	0.9632482896
12098	224	0.9128049431
3236	234	0.9395792151
9605	234	0.9191962889
4435	270	1.762299402
4435	271	1.571475968
4435	272	1.519144994
4435	273	1.39481137
4435	274	1.518511786
3595	326	0.9219801129
4164	326	0.904308761
4216	326	1.014218757
4536	326	0.9043236549
1598	328	1.106457275
2438	328	1.033099077
2672	328	0.9789737121
3595	328	1.133959775
4035	328	0.953565339
4080	328	1.106478615
4144	328	1.046920233
4164	328	1.113616183
4216	328	1.168298159
4277	328	0.9040841048
4532	328	1.033612962
4536	328	1.113627021
4583	328	1.005099929
4748	328	0.923480371
10239	328	0.9163232505
604	339	0.9554343556
1556	339	1.0276568
1607	339	1.042574682
2965	339	1.09012308
4110	339	1.129660752
6191	339	0.9899604419
9789	339	0.9507288274
10320	339	0.9549230366
604	340	0.9350190213
2965	340	1.066922727
4110	340	1.10551829
9789	340	0.930408292
10320	340	0.9345126192
604	342	0.9608066963
1541	342	1.039814046
2571	342	1.032715935
2965	342	1.096227436
4056	342	1.285585542
4110	342	1.135958861
9789	342	0.9560883456
10320	342	0.9602867698
2432	347	0.9858130949
9207	347	0.9731219744
9402	347	0.9513557748
9405	347	1.033031036
9855	347	1.013924185
10036	347	1.02642698
10370	347	0.9788986097
1959	357	0.9107085894
9285	357	1.117066273
4358	358	0.9669272278
1746	372	1.937618203
2165	372	1.078869679
2253	372	1.075987231
2413	372	1.815903682
2415	372	0.9078136027
3578	372	1.072791802
3741	372	1.078963827
4870	372	1.494181571
4963	372	1.415494632
5170	372	1.081852432
5219	372	1.158546878
5975	372	1.07600706
6144	372	0.9879439935
6667	372	0.9455914925
6696	372	1.078449372
6820	372	1.279769316
8875	372	0.9707744339
8936	372	1.634504558
8943	372	0.9441269863
9396	372	1.42067889
9607	372	1.699604642
9635	372	1.078844274
9852	372	1.103258115
10576	372	1.082189487
11036	372	1.129520331
2603	381	0.9591813384
2658	381	0.9021570106
3123	381	0.9021391659
4586	381	1.182927513
7060	381	1.055714403
7232	381	1.035156396
7633	381	1.184509665
9874	381	0.9070273128
4757	395	0.942434492
7486	395	0.9135181911
7645	395	0.9563435281
10158	395	0.9201529071
4757	396	0.937486882
7486	396	0.9086656851
7645	396	0.951201729
10158	396	0.9152769362
341	397	0.9276394967
1978	397	0.9276073832
4757	398	0.9344306824
7486	398	0.9057599266
7645	398	0.9482214557
10158	398	0.912338235
4757	399	0.9579505479
7486	399	0.9285581733
7645	399	0.9720886388
8911	399	0.9028510719
10158	399	0.9353021667
341	401	0.9235876545
1978	401	0.9235604223
1061	403	0.9261914941
1232	403	0.9250689963
2412	403	0.9215345983
4753	403	0.945436457
6148	403	0.9268235768
7778	403	0.9335833825
8173	403	0.9454283909
9255	403	0.9416877174
10906	403	0.9334836144
10908	403	0.9410429701
4167	446	1.007380601
4644	446	1.220319191
4682	446	1.166279553
4683	446	1.166319282
4684	446	1.166339732
4685	446	1.166320958
4167	447	0.986782286
4644	447	1.195395346
4682	447	1.142460523
4683	447	1.142499027
4684	447	1.142523922
4685	447	1.142502159
4167	449	1.092189222
4644	449	1.323295344
4682	449	1.26470615
4683	449	1.264733264
4684	449	1.264753072
4685	449	1.264736568
4167	450	0.9956739894
4644	450	1.206414727
4682	450	1.153005366
4683	450	1.15302705
4684	450	1.153051798
4685	450	1.153032235
4315	461	0.9553900612
4874	461	0.9306051399
9406	461	0.901019021
10019	461	1.029214935
1676	463	0.9070430413
10019	463	1.038347727
2133	484	1.189114264
4308	484	1.055315427
4435	484	1.71358147
4788	524	0.9095875942
4257	534	0.9189724987
1750	548	1.107464253
11876	548	1.140778138
1749	550	1.243226312
1750	550	1.119619153
11876	550	1.15332514
4627	560	0.936536894
8436	560	0.9100349402
10100	560	1.271616269
10102	560	1.27166096
268	561	0.9390926659
1224	561	0.9708763928
1560	561	0.9320323922
2417	561	0.9079834555
3199	561	0.9178629153
4933	561	0.9242187399
5184	561	0.9173158952
5858	561	0.9141451189
7522	561	0.9329969362
8407	561	0.9026591503
8408	561	0.9055510275
10037	561	0.9044742884
10253	561	1.041815228
10254	561	1.041818274
10295	561	1.04181332
10296	561	1.041821816
10579	561	0.9043348077
4627	563	0.959950489
8436	563	0.9199921072
10100	563	1.303444536
10102	563	1.303490096
10100	565	1.06935088
10102	565	1.069388518
10100	567	1.081191344
10102	567	1.081229534
1599	574	0.9267905903
9464	574	1.249041807
9540	574	0.9268103438
10082	574	1.093257818
9464	577	1.188003794
10082	577	1.006414654
2563	591	0.9560386972
2650	591	0.9938702013
2511	593	0.9252833854
3648	593	0.9355029941
9234	593	0.9875777958
2118	595	0.9019781951
10963	595	0.9043260648
252	596	0.9008946581
2563	596	1.011588649
2650	596	1.04975843
2963	596	0.9280539173
4235	596	0.973057146
5550	596	0.9317313572
6492	596	0.9176064911
9476	596	0.9416625122
252	598	0.9031137775
974	598	0.9054846558
2563	598	0.9959056022
2650	598	1.034872688
2963	598	0.9253447048
4235	598	0.9739674358
5550	598	0.9240834041
6492	598	0.9115857285
9476	598	0.9384830952
1951	600	0.9528958631
2513	600	1.014023949
3648	600	0.9271189988
9234	600	0.925503748
252	602	0.9334322687
399	602	1.021607942
610	602	1.002825544
974	602	0.9831580303
1467	602	1.001543927
1957	602	1.147447517
1958	602	1.163256613
2560	602	0.9328956855
2563	602	1.179426703
2650	602	1.206223694
2963	602	0.9287283258
5550	602	0.9973771468
6492	602	0.9624757147
9391	602	0.9029496708
9476	602	0.9476146321
11568	602	0.9710255446
10963	605	0.9083877973
9234	606	0.9164248436
10963	608	0.9081658033
9234	609	0.9230145474
2563	615	1.043340523
2650	615	1.07115169
4235	615	1.10465011
5550	615	0.913564166
4828	616	0.9118773818
111	628	0.903381741
8101	634	0.9354486398
2570	637	1.003281121
6613	637	0.9918492416
11425	637	0.9420658065
11435	650	0.9933424126
5086	661	1.025626925
5438	661	1.025628321
4732	695	0.9183434369
3285	696	0.9092177911
4732	696	1.038596811
8377	696	0.9675153795
11654	698	0.9163581986
4281	706	1.43362086
5659	706	1.13189878
6217	706	1.22189048
7173	706	1.221870029
4281	707	1.426683417
5659	707	0.956508497
6217	707	1.047417043
7173	707	1.047844795
9820	707	1.076127618
4281	742	0.9252448429
4874	742	0.9067255399
4874	745	0.9687805227
9820	745	1.112363931
10019	745	0.920385129
4874	748	0.9128163222
475	772	1.278585813
2699	772	1.226727167
3154	772	1.276614455
3220	772	0.9421061297
3226	772	1.622762114
3513	772	1.101228614
3559	772	1.101263176
5864	772	1.033003657
6649	772	1.330427356
6721	772	0.9318936317
8040	772	1.155816243
8041	772	1.19674705
8249	772	1.15842768
8250	772	1.155683713
9440	772	0.9733034521
10078	772	1.074157253
10080	772	0.9382161163
3595	778	0.9155738395
4788	778	0.9333829872
172	782	1.012720005
1475	782	1.051548865
9599	782	0.924428856
9820	798	0.9405552401
1749	826	1.278916598
11876	826	1.139605391
1749	828	1.307200105
1750	828	1.177195775
8107	828	0.925159865
11876	828	1.212900928
9285	845	0.9451761598
9285	847	1.416757849
11364	847	0.9750541201
9405	866	1.0945641
9975	866	1.076276274
10370	866	1.043491039
10825	866	0.9217526347
12354	866	1.015266314
1642	874	1.010402818
3609	874	1.01056767
4564	874	0.9990760765
4315	885	1.016220192
4788	885	0.9789568637
9855	885	0.9514915703
113	897	0.9496469467
250	897	0.9717593293
3596	897	0.9094884496
2520	899	1.102488436
2897	899	0.9003540418
4840	899	1.282697876
4959	899	1.25035652
4962	899	1.282884281
5086	899	1.306008168
5115	899	1.10232597
5438	899	1.306007137
8051	899	1.106423886
8052	899	1.104902829
8054	899	0.9071794425
8820	899	1.264435238
8821	899	1.235053749
11221	899	1.116274067
11764	899	1.357754911
11783	899	1.217115424
11820	899	1.151022212
1676	927	0.9452765646
4788	927	0.9325346763
4181	944	1.011188901
359	948	0.9965410304
945	948	0.9759171102
946	948	0.9072012454
2117	948	0.9796465158
4998	948	1.203766751
5552	948	1.203757618
6608	948	1.067252347
11738	948	1.086792294
359	949	1.078670831
945	949	1.05632392
946	949	0.98191728
2117	949	1.060290331
4998	949	1.302574171
5552	949	1.302548505
6608	949	1.155116744
2627	983	1.181382952
12098	1005	0.9446330544
12098	1014	0.9398846425
12098	1016	0.983670749
12098	1018	0.9719787279
25	1019	1.29965071
1634	1019	1.005981834
1639	1019	1.351159636
2469	1019	1.287186791
2608	1019	1.140246738
2702	1019	0.9309811463
2792	1019	0.9106687213
4041	1019	0.9990205073
4260	1019	0.939866379
4381	1019	1.000105985
5942	1019	0.9292962461
6243	1019	0.9398490708
6562	1019	1.287187378
7314	1019	0.9106298312
9393	1019	1.079077763
11526	1019	1.0146096
4281	1035	1.120230081
6217	1035	0.9024896845
7173	1035	0.9023943092
9820	1035	0.9102138886
4381	1046	0.9470382782
9393	1046	1.022052323
2133	1061	1.141769036
4308	1061	1.013297203
12340	1061	0.903938586
204	1071	1.020506978
1926	1071	1.02167336
5960	1071	1.19609121
7601	1071	1.103593006
8509	1071	1.016125618
9015	1071	1.016771353
9233	1071	1.014460081
9823	1071	1.016228361
11438	1071	0.9440900739
11439	1071	0.9464472423
12201	1071	0.9471832322
12371	1071	0.9239450144
2432	1089	1.009460293
4407	1089	0.9940996245
6508	1089	0.9166823126
6957	1089	0.9122121582
7570	1089	0.9610653156
9207	1089	0.955729802
9401	1089	0.9261525277
9402	1089	0.982376197
9405	1089	1.028197485
9975	1089	1.05470026
10019	1089	0.9122313962
10370	1089	0.9969289906
10825	1089	0.9014731294
12354	1089	0.9546168285
93	1099	1.122913521
3137	1099	0.9971911014
3175	1099	1.024423882
3182	1099	1.017727493
4038	1099	0.9489037295
4044	1099	1.081463381
4192	1099	1.342409073
4773	1099	1.100099805
8510	1099	1.009934675
1554	1109	0.911375707
4181	1109	1.102584468
11581	1109	0.9371943535
4315	1124	0.9479950944
4788	1124	0.9142038967
9855	1124	0.9524285485
2432	1134	0.95086556
6508	1134	0.9094744125
6957	1134	0.9061644165
9401	1134	0.9495055973
9402	1134	0.9916126244
9405	1134	1.022575704
9975	1134	1.01474996
10036	1134	1.017523322
12354	1134	0.9923553935
204	1140	0.9963728885
1635	1140	0.9239334787
1926	1140	0.9975121397
5960	1140	1.167798514
7601	1140	1.077506569
8509	1140	0.9921189285
9015	1140	0.992733992
9233	1140	0.9904735828
9823	1140	0.9922155913
11438	1140	0.9217063727
11439	1140	0.9239985183
12201	1140	0.9247257332
12371	1140	0.9020154526
2603	1155	1.035416262
2653	1155	0.9336163691
2658	1155	0.9738333856
3123	1155	0.9738256581
4586	1155	1.276919683
5003	1155	0.9430171078
7060	1155	1.13950581
7232	1155	1.117242122
7633	1155	1.278664478
9874	1155	0.9790164984
2603	1158	1.053170132
2653	1158	0.9496152214
2658	1158	0.9905474941
3123	1158	0.9905425197
4586	1158	1.298828707
5003	1158	0.9591656482
7060	1158	1.158929137
7232	1158	1.136325068
7633	1158	1.300634112
8391	1158	0.9130450077
9874	1158	0.9957683106
2493	1161	0.9125934891
2605	1161	0.9264779115
7502	1161	0.9219203464
8013	1161	0.9137184667
10083	1161	1.098565826
10083	1163	1.012789544
2605	1164	0.9114878044
7502	1164	0.9069969684
10083	1164	1.080781505
93	1175	1.02759189
4044	1175	0.9896196847
4192	1175	1.228390422
6122	1175	0.9470432674
2482	1184	0.9016435301
3263	1184	0.9372237247
11404	1184	0.9329771908
11405	1184	0.9309128037
11849	1184	0.9523644669
11850	1184	0.9523754168
12060	1184	1.201679424
3263	1186	0.9200951791
11404	1186	0.9139073752
11405	1186	0.9107159465
11817	1186	1.125568751
11849	1186	0.9306099396
11850	1186	0.9306189759
12060	1186	1.221514327
10050	1197	1.046421596
12113	1197	0.9623204838
272	1223	0.9004311449
1676	1223	0.9341400968
4315	1223	0.9993806398
4878	1223	0.9096289932
6508	1223	1.037432605
7570	1223	1.001451277
9207	1223	1.092924929
9401	1223	1.067190356
9402	1223	1.108866558
9975	1223	1.153395575
10019	1223	1.027602525
10370	1223	1.070837518
10825	1223	1.001896351
12182	1223	0.9266400158
10036	1225	0.9304441411
10019	1227	0.9190594782
4407	1241	0.9913216469
6508	1241	0.9632260667
6957	1241	0.9154676295
7570	1241	0.9337111737
9401	1241	0.9981166001
9402	1241	1.030034491
9405	1241	1.072585226
9975	1241	1.064469072
10019	1241	0.9355798701
10370	1241	0.9860469242
10825	1241	0.9328798423
861	1243	1.052418852
4386	1243	0.9857699544
4508	1243	0.9405514155
861	1248	0.9516102061
1176	1257	1.053103958
1177	1257	1.053006921
1410	1257	1.188077296
2281	1257	1.031791459
5217	1257	1.031832829
9131	1257	1.202681828
10820	1257	1.202682574
10821	1257	1.062220747
10822	1257	1.062217394
1528	1270	0.9851993959
2432	1274	0.9163924458
4788	1274	0.9562985882
10036	1274	0.910293763
8281	1285	0.9118932179
8282	1285	0.9118989226
8283	1285	0.9106733726
8284	1285	0.9105948174
8285	1285	0.9117606948
8286	1285	0.9117621436
8287	1285	0.9107265397
8288	1285	0.9106837053
8289	1285	0.9119030157
8290	1285	0.9119027398
4132	1302	0.9294123827
161	1305	1.028681933
2137	1305	1.134967542
2248	1305	0.9207094471
2251	1305	0.9287933709
2543	1305	0.9526301392
3637	1305	0.9061539991
3687	1305	0.9179326433
4567	1305	0.9524942744
6849	1305	0.9944178652
7154	1305	0.9352692223
9919	1305	0.9523675199
10774	1305	0.9344237771
10942	1305	0.9344561678
438	1306	1.06262544
2248	1306	0.9487697686
4233	1306	0.9758587353
6849	1306	1.024021179
8735	1306	0.9290454123
161	1309	1.027422704
2137	1309	1.133706036
2248	1309	0.9196835406
2251	1309	0.9274526691
2543	1309	0.9512370139
3637	1309	0.9048316738
3687	1309	0.9165787909
4567	1309	0.9511065434
6849	1309	0.9931848476
7154	1309	0.9338915514
9919	1309	0.9509731307
10774	1309	0.9330506645
10942	1309	0.9330816317
71	1310	1.048812253
161	1310	1.069154562
438	1310	1.072227998
2248	1310	0.9571645536
4233	1310	0.984438829
6849	1310	1.033326639
8735	1310	0.9372327264
161	1313	1.033823349
2137	1313	1.140107388
2248	1313	0.9249399586
2251	1313	0.9343881658
2543	1313	0.9584517921
3637	1313	0.9116825986
3687	1313	0.9235872156
4567	1313	0.9582903781
6849	1313	0.9994820773
7154	1313	0.9410259034
9919	1313	0.9581911428
10774	1313	0.9401570683
10942	1313	0.9401956424
438	1314	1.070130782
2248	1314	0.9546895109
4233	1314	0.9840728919
6849	1314	1.031109866
8735	1314	0.9369068386
161	1317	1.042794729
2137	1317	1.148709005
2248	1317	0.9321054118
2251	1317	0.9450684472
2543	1317	0.9696250523
3637	1317	0.9222847862
3687	1317	0.9344715031
4567	1317	0.9693968321
6849	1317	1.008453008
7154	1317	0.952105439
9919	1317	0.9693681796
10774	1317	0.9511776251
10942	1317	0.9512321812
161	1318	1.081101514
438	1318	1.085269506
2248	1318	0.9682845067
3637	1318	0.9553597168
6328	1318	0.9160728202
6431	1318	1.086494871
6849	1318	1.045588726
8735	1318	0.9508709343
161	1321	1.05701778
2248	1321	0.9473500936
6849	1321	1.02194854
8735	1321	0.9267368568
438	1324	1.062670608
2248	1324	0.9490034451
3637	1324	0.9337086974
6849	1324	1.024016531
8735	1324	0.9293413397
161	1327	1.030809416
2137	1327	1.136307041
2248	1327	0.9219318884
2251	1327	0.9325136644
2543	1327	0.9565997056
3637	1327	0.909937228
3687	1327	0.9218692286
4567	1327	0.9564213976
6849	1327	0.9966791306
7154	1327	0.9392763772
9919	1327	0.9563581968
10774	1327	0.9383826465
10942	1327	0.9384274867
2137	1330	0.96400382
438	1331	0.9649497295
6431	1331	0.9656366375
6849	1331	0.9308674821
161	1333	1.062057087
438	1333	1.065865428
2248	1333	0.9502997557
6849	1333	1.026921176
8735	1333	0.9341954814
2137	1335	1.031911469
161	1345	1.032364978
2137	1345	1.138502684
2248	1345	0.9235846398
2251	1345	0.9326957439
2543	1345	0.9566916847
3637	1345	0.9100240767
3687	1345	0.9218920026
4567	1345	0.9565390402
6849	1345	0.9979872519
7154	1345	0.9393018892
9919	1345	0.956440974
10774	1345	0.9384341695
10942	1345	0.9384714787
438	1346	1.067790641
2248	1346	0.951992977
6849	1346	1.029026963
8735	1346	0.934225934
4586	1362	1.065315163
7060	1362	0.9510765081
7232	1362	0.932501943
7633	1362	1.066742182
1959	1385	1.736741138
4104	1385	2.236091406
4355	1385	0.9550908396
4358	1385	2.123304703
4388	1385	1.029333836
9592	1385	1.494139468
10337	1385	0.9812662584
2601	1401	0.956175877
3497	1401	0.9748623124
8412	1425	0.9805142166
1939	1426	0.9019729102
3290	1426	0.9249842334
3291	1426	0.9233399822
3543	1426	0.9251545357
8382	1426	0.9249741222
8412	1427	1.031389692
9347	1427	0.9880407582
10333	1427	0.9380209382
8412	1428	0.9575494367
1939	1430	0.9483184223
1939	1433	0.9420268149
10140	1433	0.9052213039
10141	1433	0.9051984622
8412	1434	0.9434682866
1939	1436	0.9424360949
10140	1436	0.9056015233
10141	1436	0.9055787662
6770	1438	0.9336526928
8412	1438	1.017094276
10333	1438	0.9312734458
7554	1439	0.9507513844
9671	1439	1.008993163
9671	1441	0.9014010411
9671	1444	0.9481678559
4328	1463	1.00834837
4337	1463	1.235916061
4823	1463	1.008300289
4824	1463	1.008211817
5390	1463	1.065422414
8412	1463	1.105431132
10071	1463	0.9243688921
11088	1463	0.9176219676
2369	1465	0.9489567974
3178	1465	0.9173693084
4328	1465	1.058795216
4337	1465	1.309245184
4459	1465	0.9051498163
4803	1465	0.9429330984
4823	1465	1.058729718
4824	1465	1.05861451
9543	1465	0.9276420506
10071	1465	0.9561128332
11088	1465	0.9734956895
2369	1466	0.9528489372
3178	1466	0.9166353766
4328	1466	1.057960126
4337	1466	1.308132335
4459	1466	0.9042394072
4803	1466	0.9421010922
4823	1466	1.057895081
4824	1466	1.057780381
5390	1466	1.129299306
9543	1466	0.9268736347
11088	1466	0.9725951642
4257	1484	0.9843101479
4281	1484	1.000941731
4874	1484	0.9130294461
9820	1484	0.9605421534
4315	1507	0.9367488457
4788	1507	0.9026262716
4597	1511	0.9413638059
4597	1512	0.9073384815
8080	1515	0.9026917857
4597	1526	0.9903730628
8080	1530	0.9018465954
4597	1532	0.9682745343
4597	1537	0.9581004814
2598	1555	0.9520344557
4215	1555	0.9428733345
4801	1555	0.9653750573
11160	1555	0.942835385
11161	1555	0.9428702825
2598	1558	1.049069132
4215	1558	1.038973202
4801	1558	1.06377148
11160	1558	1.0389313
11161	1558	1.038969414
12230	1558	0.9597599877
7928	1576	0.9772555267
11763	1576	1.100906115
7928	1579	0.9058892916
11763	1579	1.135279765
1529	1597	1.153773389
1543	1597	0.9462130215
2820	1597	1.464463366
10803	1597	1.132703738
11708	1597	1.08453856
11732	1597	1.159856236
11734	1597	1.203735908
12237	1597	1.133115095
1529	1598	0.9362263556
2820	1598	1.188256812
10803	1598	0.9194028074
11732	1598	0.9411314478
11734	1598	0.9767341228
12237	1598	0.9194918722
2820	1599	0.9885154359
382	1600	0.9748852062
7908	1600	1.111264474
7909	1600	1.132675288
8616	1600	1.165329907
8617	1600	1.165321254
8929	1600	1.089474769
11019	1600	1.048941058
11020	1600	1.046424947
1334	1610	1.040727371
4173	1610	1.275232777
4892	1610	1.05083907
7556	1610	1.108573289
120	1644	1.768878028
894	1644	0.9127761031
895	1644	0.9127592894
2298	1644	0.9127858673
2299	1644	0.9127797793
2315	1644	0.9316663276
2351	1644	0.9134096472
4028	1644	0.969397608
4029	1644	0.9693906961
4054	1644	1.424974877
4914	1644	1.752126722
4928	1644	1.205047338
5626	1644	0.9500413643
5627	1644	1.088566475
5654	1644	0.950226143
5900	1644	0.9340266875
5901	1644	0.9495280018
6913	1644	0.931560393
7126	1644	0.9330361373
7230	1644	1.239211215
9387	1644	0.9496185005
10964	1644	0.9128115454
10965	1644	0.9127859202
12238	1644	0.931303895
12239	1644	0.9690495617
12240	1644	0.9721542122
1527	1658	0.9767897231
1334	1668	1.019627385
4173	1668	1.249364987
4892	1668	1.029629432
7556	1668	1.086096705
4257	1688	0.9992661355
1598	1690	0.900588726
3595	1690	0.924162822
4080	1690	0.9006471435
4164	1690	0.9064822336
4216	1690	1.001959197
4536	1690	0.9064510488
1598	1691	0.9395346122
4080	1691	0.9394629991
4164	1691	0.9457697473
4536	1691	0.9457797856
4874	1701	0.9279525463
4216	1707	0.9184446367
9820	1713	1.035297945
9820	1716	0.9465654755
9285	1742	1.077566317
893	1752	0.9255492759
952	1752	0.9242147606
1554	1752	1.111452499
2119	1752	0.9252791828
2128	1752	0.9253609092
2269	1752	0.9255897599
2447	1752	0.9013268261
3468	1752	0.9247241456
3836	1752	0.9246801136
4181	1752	1.344942104
6759	1752	0.9250486403
11235	1752	0.9185202921
11581	1752	1.144017385
46	1774	1.006494508
685	1774	0.9362354533
753	1774	0.9260805491
755	1774	0.9191966755
851	1774	1.254725895
1099	1774	0.9008831916
1138	1774	0.9278181944
1184	1774	0.9455990022
1418	1774	0.9557956956
1429	1774	0.9442479645
1704	1774	0.9277472329
1980	1774	0.9596193064
2365	1774	0.9514021138
2750	1774	0.9520304784
2944	1774	0.9448499301
3006	1774	0.9595019458
3012	1774	0.9515146385
3200	1774	0.9599894565
3792	1774	0.9396819224
3845	1774	0.9530848632
5449	1774	1.058428048
10267	1774	1.300651918
10283	1774	1.300789773
10284	1774	1.300603102
10286	1774	1.300596674
10287	1774	1.300518131
10795	1774	0.9368278949
11370	1774	0.9528791883
11386	1774	0.9464406839
1676	1784	0.9387606493
4277	1784	0.9130341015
4315	1784	1.007632121
6957	1784	1.018824636
7195	1784	0.9450400293
7570	1784	1.011197117
9401	1784	1.073438946
9402	1784	1.111273767
9405	1784	1.162436637
10019	1784	1.064281251
10825	1784	1.005677199
12182	1784	0.9383949871
1221	1804	0.951741504
2970	1804	0.9020437478
3019	1804	0.9515679375
4435	1804	2.008202783
7174	1804	1.002188274
7175	1804	1.002205689
8420	1804	0.9015566505
8421	1804	0.9357452628
9537	1804	1.123921087
9748	1804	0.9293391787
9891	1804	0.9812306748
4748	1810	0.9346518918
4748	1813	0.9121277193
4216	1816	1.139009609
4216	1818	1.114320367
2672	1822	0.9242631046
4216	1827	0.9627679506
2438	1831	0.9617003877
2672	1831	0.9103482972
4216	1834	0.9841167357
335	1836	0.9068760677
2688	1836	0.9066930772
8761	1836	0.9620733561
4788	1841	0.9012218463
1676	1859	0.9325653268
4315	1859	0.9782963076
4788	1859	0.9158355975
6508	1859	0.9369972973
6957	1859	0.9557850659
9402	1859	0.9396692776
10019	1859	0.9971433055
2998	1866	0.9191325559
2999	1866	0.916895711
3000	1866	0.9345813681
3001	1866	0.9234554176
3005	1866	0.9258422997
4894	1866	0.9438593762
9907	1866	1.262723836
10322	1866	1.262699926
10502	1866	2.024844516
10661	1866	2.106018953
10665	1866	2.106033188
10792	1866	0.9825704275
11058	1866	0.9156093106
11066	1866	1.068714615
2133	1887	1.252206187
4308	1887	1.111311804
4566	1887	0.9474445481
12313	1887	0.9174968366
333	1899	1.374787297
570	1899	1.374442009
571	1899	1.375932441
2939	1899	0.9673510118
3743	1899	0.9362754628
5549	1899	0.9675732626
6124	1899	0.9176123555
7588	1899	0.9805818658
10812	1899	0.9107284587
333	1901	1.274677709
570	1901	1.274990075
571	1901	1.276033436
3743	1901	1.060195173
7588	1901	0.9051793683
7988	1919	1.15216841
8922	1919	1.25152092
11064	1919	1.068516972
11433	1919	0.9180496349
12212	1919	1.117029953
7988	1920	1.00369347
8922	1920	1.090355086
11064	1920	0.930794569
12212	1920	0.9730141291
4788	1936	0.9289794605
4281	1986	1.28394142
5659	1986	1.019926042
6217	1986	1.100467574
7173	1986	1.100460332
1558	2012	1.14460951
1964	2012	1.144652988
4072	2012	1.166119989
4140	2012	1.294447019
4251	2012	0.9261445292
4764	2012	1.009170663
5415	2012	1.065838482
6060	2012	1.241526145
6061	2012	1.24152603
6205	2012	0.958784636
6206	2012	0.9587845677
6534	2012	0.9248563564
8887	2012	1.009170639
10993	2012	1.294447017
11119	2012	0.9587846722
11120	2012	0.9587845006
11121	2012	0.9587847127
11122	2012	0.9587846367
11158	2012	0.9204538838
11162	2012	1.009170568
11163	2012	1.009170706
11182	2012	0.9081904814
11183	2012	0.9082217153
11193	2012	1.294447019
11232	2012	0.9038437998
11233	2012	0.9038445266
2432	2024	0.9741213886
6957	2024	0.9202843524
9207	2024	0.9717498827
9401	2024	0.9133906708
9402	2024	0.9723087208
9405	2024	1.033870389
9855	2024	1.001464173
9975	2024	1.005432752
10036	2024	1.023029252
1117	2027	0.9361765083
4867	2027	1.423364405
5896	2027	1.043018413
8615	2027	1.408521207
8651	2027	1.737053139
10429	2027	1.06572344
10725	2027	1.184715327
10738	2027	1.235275416
10907	2027	0.9138512571
11607	2027	0.9351670999
11697	2027	0.9342534622
12234	2027	0.9054538249
12257	2027	1.367281826
308	2031	1.676948664
4250	2031	1.200826236
8009	2031	0.9157040444
9819	2031	1.200988231
1676	2042	0.9449754443
4788	2042	0.9022283173
4874	2042	0.9323603208
6957	2042	0.9197913322
9855	2042	0.9228574727
1676	2043	0.9857081802
4874	2043	0.9289946141
9855	2043	0.9434400453
8922	2051	1.079625193
4874	2054	0.902676593
4874	2055	0.9516458744
4874	2056	0.9635907882
1581	2065	1.113462198
4289	2065	1.089223777
4523	2065	0.9353745961
4596	2065	0.9020620569
4793	2065	0.931244237
4896	2065	0.9634274987
4914	2065	0.9756870132
6322	2065	0.9453174289
8748	2065	0.9090247589
8751	2065	0.9633856325
8784	2065	1.01542235
10311	2065	1.038353999
11772	2065	1.194188831
4289	2071	0.9300613254
11735	2071	0.9607335311
4289	2074	1.072617752
4523	2074	0.9275520328
6518	2074	0.9901558039
8540	2074	0.9758668516
8541	2074	0.975669021
8784	2074	1.004829973
11234	2077	0.9704352519
4289	2081	1.021824083
8784	2081	0.9529090274
1983	2093	0.978596793
2736	2093	0.9851571098
4070	2093	1.099009493
9462	2093	1.230397376
9469	2093	1.283031242
11307	2093	1.052976729
4070	2094	1.19989703
9462	2094	1.343355083
9469	2094	1.400817564
11307	2094	1.149678862
1528	2107	0.9968178441
11834	2125	0.9553045674
12340	2125	1.215097061
1648	2130	0.9197541544
4715	2130	0.900191666
1648	2131	0.9155812079
1648	2132	0.9323689767
4715	2132	0.9119299232
4731	2132	0.909827898
1648	2133	0.9487260455
4715	2133	0.9280369347
4731	2133	0.925611062
1648	2134	0.9182474471
4751	2192	0.9288763926
4751	2193	0.9200642661
184	2201	1.445839162
2649	2201	1.480551674
4107	2201	2.044939884
7598	2201	1.445836687
10039	2201	1.187082092
10651	2201	1.480187531
11365	2201	1.202182181
11366	2201	1.202500803
11950	2201	1.202145516
4107	2202	1.00934991
9896	2223	0.9170398501
9899	2223	0.9246140634
2040	2229	1.02380847
9375	2229	0.93388453
9347	2232	1.034423063
10973	2232	0.90611103
2040	2235	0.9535975753
268	2238	0.9337284757
573	2238	0.9204866412
1560	2238	0.9690396099
2417	2238	0.9333954923
3199	2238	0.928341768
4458	2238	0.925445644
4933	2238	0.968769026
5184	2238	0.9308904637
5858	2238	0.9337396767
6944	2238	0.9180659069
7518	2238	0.9110977855
7520	2238	0.9175135612
7521	2238	0.9180218729
7522	2238	0.9415229592
8406	2238	0.9035389838
8407	2238	0.9276054558
8408	2238	0.9276812923
9956	2238	0.9536824329
9957	2238	0.9240205026
10579	2238	0.9280636803
4506	2246	0.9495640796
4610	2246	0.9523362594
4611	2246	0.9523365043
5248	2246	0.9495561135
10043	2246	0.9533652126
4506	2249	0.9567238328
4610	2249	0.9594267674
4611	2249	0.9594270896
5248	2249	0.9567193627
10043	2249	0.9604458547
10046	2249	0.9128557813
7424	2250	0.9408236763
8761	2250	0.937277361
9608	2250	0.9190673728
10043	2250	0.9480754375
10046	2250	0.9007472833
4506	2253	0.9319472504
4817	2253	0.9062769776
5248	2253	0.9319375515
120	2258	1.234146749
4054	2258	0.998270012
4914	2258	1.227452301
4032	2271	0.9661348055
10887	2271	0.9197861487
4032	2272	1.213262304
10887	2272	1.155058618
10941	2272	0.9766699226
11026	2272	1.004559315
4788	2294	0.9718422166
4435	2372	0.9493749556
250	2386	0.9148724505
595	2386	0.9672898706
1014	2386	0.9575566841
2319	2386	0.9218373329
2898	2386	0.9212059204
6563	2386	0.9339657795
7389	2386	0.9080291463
7390	2386	0.9229430801
2627	2404	0.9836462913
2627	2405	0.9133454513
4257	2437	1.226468728
4315	2437	0.9390775413
4788	2437	1.282709546
4874	2437	1.614628804
9406	2437	1.279801047
9407	2437	1.106782162
10019	2437	0.9798349829
11650	2437	1.071136594
4874	2440	0.9096860524
6323	2449	0.9712211597
6324	2449	0.9709408127
6325	2449	0.9709290661
6326	2449	0.9710142848
9347	2449	0.93127458
9546	2449	0.9099344817
9896	2449	1.057762603
9899	2449	1.081843383
10771	2449	1.067411185
10973	2449	0.9706060972
1746	2462	1.280834435
1746	2464	1.264911004
1746	2466	1.294592568
190	2471	1.298523325
217	2471	1.036176234
404	2471	1.001639967
1641	2471	1.016579186
3168	2471	1.257643431
4017	2471	0.9228246889
4064	2471	1.074753158
4301	2471	0.905028859
7885	2471	0.9228357297
8227	2471	0.9202360092
8596	2471	0.9658951509
8717	2471	0.9968148051
190	2473	1.284743029
217	2473	1.025319102
404	2473	0.9911515545
1641	2473	1.005934545
3168	2473	1.244349018
4017	2473	0.913154778
4064	2473	1.063455963
7885	2473	0.9131663186
8227	2473	0.9106070865
8596	2473	0.9547424176
8717	2473	0.9863723869
190	2475	1.241282202
217	2475	0.9889730689
1641	2475	0.970185855
8596	2475	0.9300973374
8717	2475	0.9513872934
190	2478	1.240581341
217	2478	0.9886917697
404	2478	0.9557059731
1641	2478	0.9699156714
4064	2478	1.026218907
8596	2478	0.9299896338
8717	2478	0.9511279333
8596	2480	0.9114432489
8717	2480	0.919276604
190	2483	1.232735099
217	2483	0.9808710934
404	2483	0.9481175048
1641	2483	0.9622258567
4064	2483	1.018831726
8596	2483	0.9329569266
8717	2483	0.9436063189
1746	2486	1.427943584
2413	2486	1.312034077
4870	2486	1.063430056
6820	2486	0.9320135639
9396	2486	1.092846394
578	2487	0.9389899694
1746	2487	1.723992488
2413	2487	1.562979751
4870	2487	1.251945169
4963	2487	1.198296117
6820	2487	1.116181687
9852	2487	0.9728722183
394	2511	0.9848109446
395	2511	1.080957363
4438	2533	1.248216528
6133	2533	1.118849716
1676	2539	0.9631106776
7570	2539	0.9716545639
9405	2539	1.133747072
9975	2539	1.128853848
10825	2539	0.9690644192
1676	2542	0.9230436974
4315	2542	0.9801599953
9401	2542	1.115177982
9402	2542	1.14484519
9405	2542	1.186803805
9975	2542	1.193937767
10019	2542	1.029030194
10825	2542	1.039200122
11246	2542	0.9296855377
12354	2542	1.195629854
272	2543	0.9648064303
2432	2543	1.006548059
4407	2543	1.044056051
4878	2543	0.9338867793
6508	2543	1.002191719
6957	2543	0.9572263645
7570	2543	1.042910349
9207	2543	1.11538054
9401	2543	1.124188984
9402	2543	1.137281177
9405	2543	1.165045431
9855	2543	1.062179301
9975	2543	1.174427168
10019	2543	0.9132915013
10036	2543	1.129469075
10370	2543	1.049155812
10825	2543	1.039858159
11246	2543	0.9366436522
12182	2543	0.9852246786
12354	2543	1.204474345
38	2546	0.9445942284
1656	2546	1.033536376
6366	2546	0.9123501124
9325	2546	0.9758233041
11497	2546	1.042416891
61	2549	0.9250691461
3648	2549	0.9758158113
38	2552	0.9606078867
1656	2552	1.052952156
3074	2552	0.9659345187
9325	2552	0.9895987849
10297	2552	0.9625679727
11497	2552	1.060042501
11497	2553	0.9141127821
61	2555	0.9085175149
4216	2578	0.9376639337
4874	2578	0.9204792531
3141	2585	0.9033612575
10725	2585	0.9234469819
11483	2585	1.18717918
12054	2585	0.920961951
12261	2587	0.9731242915
12340	2587	0.9718853814
4867	2588	0.9549763367
10429	2588	0.9838458818
1642	2603	0.9257428418
3609	2603	0.9258492255
10019	2610	0.9580265388
4435	2612	0.9194820373
8139	2620	0.9148643471
8140	2620	0.9149104738
4586	2645	1.006441806
7060	2645	0.9209705597
7633	2645	1.007829787
2603	2650	0.9924230725
2658	2650	0.9333563066
3123	2650	0.9333614882
4586	2650	1.223624314
7060	2650	1.091673969
7232	2650	1.070526099
7633	2650	1.225313328
9874	2650	0.938027242
4104	2655	0.9298224722
10897	2655	1.067910466
7491	2664	0.9140611159
2603	2676	0.9530298985
4586	2676	1.175345518
7060	2676	1.048894256
7232	2676	1.02848226
7633	2676	1.176924324
9874	2676	0.9011761667
395	2680	0.9236095585
4768	2681	0.9039983696
11799	2681	0.909975933
9464	2701	0.9215205143
9537	2707	1.103883137
9748	2707	0.910963344
9891	2707	0.9609710426
4107	2742	0.9898366254
1959	2793	1.103460359
4104	2793	1.420728114
4107	2793	1.032813994
4358	2793	1.349068316
9592	2793	0.9493340582
1959	2823	1.299516414
4104	2823	1.673162768
4358	2823	1.588761669
9592	2823	1.118037139
4032	2830	1.116052406
10887	2830	1.062508609
11026	2830	0.9240681653
181	2831	1.290510871
978	2831	1.150249995
2973	2831	1.038892467
4462	2831	0.9281461298
4530	2831	0.9289632141
6193	2831	0.9017459455
9404	2831	0.9550363906
9409	2831	0.9523935954
10896	2831	1.034509487
11311	2831	0.9020570323
11870	2831	1.048198588
4	2847	1.200263368
734	2847	1.166653658
1366	2847	1.017896194
1367	2847	1.017941247
2474	2847	1.060584876
2561	2847	0.9952353093
5202	2847	1.102380524
5203	2847	1.056794051
5221	2847	1.060545503
5951	2847	1.059959262
6291	2847	1.048402355
6292	2847	1.048402458
6309	2847	1.10969613
6312	2847	1.101938312
6313	2847	1.056877282
8279	2847	1.232319916
8280	2847	1.232319498
8281	2847	1.148023902
8282	2847	1.148014209
8283	2847	1.146556545
8284	2847	1.146401192
8285	2847	1.147883537
8286	2847	1.147906193
8287	2847	1.146679334
8288	2847	1.146782625
8289	2847	1.148057817
8290	2847	1.148080886
8291	2847	1.063927642
8292	2847	1.063912837
8293	2847	1.251069225
8294	2847	1.091210549
8295	2847	1.091208785
8628	2847	1.048806021
8629	2847	1.097404267
8630	2847	1.058935393
8631	2847	1.107366968
9583	2847	1.013985722
9678	2847	1.227187062
9690	2847	1.075026625
9691	2847	1.075023088
9928	2847	1.251069544
10298	2847	1.02363552
10299	2847	1.023618555
10303	2847	1.275500113
10955	2847	1.060093839
10981	2847	1.059931441
2627	2859	1.848566104
4277	2859	1.27976049
4315	2859	1.037147678
4913	2859	1.051019197
6245	2859	1.126544516
12076	2859	1.356706969
12077	2859	1.356635765
12078	2859	1.356565815
12079	2859	1.356515772
1221	2872	1.040624215
2931	2872	0.9741265579
2970	2872	0.986286129
3019	2872	1.040434142
4435	2872	2.19574421
5394	2872	0.9274507801
7174	2872	1.095781085
7175	2872	1.09580008
8420	2872	0.9857527441
8421	2872	1.023135485
10502	2882	1.324247597
10661	2882	1.377208702
10665	2882	1.377214679
4281	2897	1.105877183
6217	2897	0.9471828913
7173	2897	0.9472586276
4840	2932	0.9002537856
4962	2932	0.9003151048
11435	2932	0.9544478517
11764	2932	0.952819508
1513	2944	0.9704111022
2578	2944	1.038893644
6264	2944	0.9184771136
2570	2951	0.9424708097
6613	2951	0.9366525927
8101	2951	1.090527421
11639	2951	0.9789363756
11640	2951	0.9774623921
12085	2951	0.979518536
1676	2958	0.9140931902
4788	2958	0.9191742407
4874	2958	0.9016349086
1676	2982	0.9530448889
9405	2982	1.026630279
9975	2982	1.002460854
4257	2988	0.9127606034
4874	2989	0.9001446412
4216	3005	1.156684898
4257	3007	1.033790406
11395	3038	1.01523291
11395	3042	0.9114070468
1558	3054	0.9588355132
1964	3054	0.9588668884
1558	3056	0.9559781347
1964	3056	0.9560094934
2601	3064	0.9652046773
2639	3064	0.908120064
3497	3064	0.9841632545
1513	3082	0.9517706306
2578	3082	1.036074743
394	3085	0.9232852522
1513	3085	0.9549079873
2578	3085	1.039750005
123	3088	0.9051225912
126	3088	0.9432449189
255	3088	0.9051220162
394	3088	0.9390447489
1513	3088	1.003146756
2578	3088	1.075596092
5007	3088	0.9051462472
6264	3088	0.9500016992
7928	3088	0.9063908243
12121	3088	0.9189212911
2578	3089	1.009996498
7928	3089	0.9081265378
1513	3092	0.9981018167
2578	3092	1.069145676
6264	3092	0.9443991336
7928	3092	0.9120739053
12121	3092	0.9130753879
1661	3099	0.990681897
2515	3099	1.05741097
8217	3099	1.035701509
8218	3099	1.03568847
8219	3099	1.035700664
9029	3099	1.073066609
9901	3099	0.9492404529
10194	3099	0.9928226616
11762	3099	0.9399822651
11797	3099	0.978236571
12365	3099	1.046890912
1661	3101	0.9699586303
2515	3101	1.0475946
8217	3101	1.026131162
8218	3101	1.026126175
8219	3101	1.026132491
9901	3101	0.94043665
10194	3101	0.9835417529
11762	3101	0.9311888093
12365	3101	1.037093744
1661	3103	0.9680641198
2515	3103	1.045581357
8217	3103	1.024173397
8218	3103	1.024168383
8219	3103	1.024174634
9901	3103	0.9386320144
10194	3103	0.9816530784
11762	3103	0.9293987226
11797	3103	0.9672270835
1661	3110	0.9932100464
2515	3110	1.060202006
8217	3110	1.03837964
8218	3110	1.038366652
8219	3110	1.038378953
9029	3110	1.075834798
9901	3110	0.9517537029
10194	3110	0.9954475203
11762	3110	0.9425269162
11797	3110	0.9808926344
12365	3110	1.049725503
80	3128	0.9643187415
188	3128	0.9248369946
5238	3128	0.9355139432
6018	3128	0.9908031622
9925	3128	0.9624366685
10944	3128	0.9370286034
11525	3128	0.9951156662
12193	3128	0.9362650177
80	3129	1.072725026
188	3129	1.028910953
3521	3129	0.9953509902
3902	3129	0.9119981816
4079	3129	0.9801797759
4229	3129	0.9506990056
4230	3129	0.9709029871
4478	3129	0.9340491426
4612	3129	0.9013014088
4613	3129	0.9221327545
4637	3129	0.9384851066
4966	3129	0.9077842621
5155	3129	0.9855891526
5238	3129	1.040510826
5243	3129	1.000238831
6018	3129	1.102070105
6238	3129	0.9454791486
7785	3129	0.9993827461
9925	3129	1.070270981
9986	3129	0.9872445764
10006	3129	1.028067155
10944	3129	1.042226444
11525	3129	1.106815089
12123	3129	0.9048003261
12193	3129	1.041420961
80	3131	1.035351602
188	3131	0.9929429056
340	3131	0.9573988998
3521	3131	0.960779442
3902	3131	0.9039338162
4079	3131	0.9460850359
4229	3131	0.9183622722
4478	3131	0.9015941649
4637	3131	0.9060224741
4999	3131	0.9481820889
5155	3131	0.951282025
5238	3131	1.004315651
5243	3131	0.9654435652
6018	3131	1.063709609
6238	3131	0.9125822185
7785	3131	0.9645826272
9925	3131	1.033118694
9986	3131	0.9528681993
10006	3131	0.9905134521
10944	3131	1.005967001
12193	3131	1.005171789
335	3137	0.9617359452
2688	3137	0.9614513686
8761	3137	1.019530119
6957	3150	0.9043644547
335	3151	0.9609513242
2688	3151	0.9610991895
8761	3151	1.021426442
1676	3172	0.9004890645
4315	3172	0.9128969568
6957	3172	0.9013257175
9405	3172	0.9336467422
9975	3172	0.9646510345
10019	3172	0.9210427772
10036	3172	0.9931258672
10370	3172	0.9518071175
4874	3217	0.9098044716
1816	3267	0.9046396713
1816	3269	1.002997234
249	3288	1.034101023
378	3288	1.034004464
6286	3288	0.919023814
1061	3297	1.053902883
1232	3297	1.052513365
2412	3297	1.048458423
4753	3297	1.0758222
6148	3297	1.054565192
7778	3297	1.062233262
8173	3297	1.07579667
9255	3297	1.0715346
9345	3297	0.9281381446
9611	3297	0.9817352489
10906	3297	1.062101488
10908	3297	1.07081528
4192	3308	1.292647784
8510	3308	0.9724695078
4874	3313	0.9411173512
6957	3314	0.913445013
9855	3314	1.002430451
10370	3314	0.9565795032
4874	3327	0.9281122214
4788	3328	0.9422366421
1710	3334	1.361260762
1816	3334	1.13367873
2712	3334	1.031652611
2719	3334	1.027642568
4024	3334	0.9208820431
4455	3334	1.504023693
5873	3334	1.069617473
7416	3334	1.066676728
8477	3334	0.9209092781
3969	3337	0.9652476909
9855	3337	0.9729763652
2133	3354	0.9156636213
5960	3364	0.9742340203
7601	3364	0.9003689063
11652	3367	0.9144845648
6122	3377	0.9217026213
93	3379	0.9017280147
7169	3393	0.9454107808
7589	3393	1.125591044
7626	3393	0.9454050788
7756	3393	0.9408996361
7757	3393	0.9591328727
10037	3393	1.138745782
10246	3393	1.12558239
10253	3393	1.311629068
10254	3393	1.311630683
10295	3393	1.311629421
10296	3393	1.311632877
12349	3393	0.9506628203
12350	3393	1.125601719
12351	3393	1.125610465
12352	3393	0.9548965031
12353	3393	0.9548931448
4277	3395	0.9059096495
4438	3395	1.289153756
6133	3395	1.155099757
9820	3396	0.9038806961
1141	3407	0.9677391607
1887	3407	1.206175726
4472	3407	1.00330653
4571	3407	1.003293638
5861	3407	1.003408368
6610	3407	0.9145523309
6631	3407	1.37840535
6930	3407	1.200071011
6931	3407	1.202213614
10369	3407	1.323402034
11369	3407	0.9045379974
11887	3407	1.20681809
12082	3407	1.044942945
12167	3407	1.378439268
25	3415	0.9133985931
1639	3415	0.9495902331
2469	3415	0.9048071117
6562	3415	0.9048153961
93	3441	0.9369912165
4044	3441	0.9023655326
4192	3441	1.120109801
4773	3441	0.9179229847
1832	3455	0.9121145065
1833	3455	0.9119206931
1834	3455	0.912015218
1842	3455	0.9161517481
2023	3455	0.9622359091
2230	3455	0.9151690719
3478	3455	0.9116449668
5529	3455	1.017925662
6356	3455	0.9622357832
6515	3455	1.015800995
6709	3455	1.028521688
6825	3455	0.9120130291
7602	3455	1.197645352
8064	3455	0.9246494379
9000	3455	1.117475242
9001	3455	0.9173028763
9002	3455	0.9173657397
9004	3455	1.061981788
9765	3455	0.9264916583
10589	3455	0.9647615078
11229	3455	1.032162655
12069	3455	1.069899808
8651	3461	0.9523113828
1676	3471	0.9366183884
7570	3471	0.9895756381
9401	3471	1.05449907
9975	3471	1.141242355
10019	3471	1.045955653
10370	3471	1.059472574
10825	3471	0.9895239528
1642	3473	1.048409629
3609	3473	1.048539455
4564	3473	1.003913985
1676	3475	0.9266048145
9207	3475	1.013850011
9855	3475	1.031645153
9975	3475	1.055013509
10370	3475	0.9923307749
7491	3488	1.277066343
7751	3488	1.133417552
7491	3489	1.150462581
7751	3489	1.021054684
250	3496	1.007597593
1403	3496	0.9263831794
4788	3497	0.9107003168
